STEP 5 REPORT: secondary analyses (planned in the study plan)
============================================================

LR (seeds 0-2), mean over seeds:
                 cptac_macro_f1  met500_macro_f1  gap_cptac  gap_met500
feature    size                                                        
expression 10             0.658            0.699      0.122       0.130
           20             0.819            0.701      0.061       0.200
           50             0.862            0.726      0.073       0.225
           100            0.874            0.755      0.083       0.211
           150            0.862            0.753      0.106       0.224
           250            0.884            0.769      0.091       0.213
           500            0.866            0.766      0.113       0.222
           all            0.818            0.640      0.169       0.352
pairs      10             0.602            0.616      0.081       0.146
           20             0.820            0.715      0.046       0.169
           50             0.882            0.774      0.062       0.183
           100            0.901            0.785      0.063       0.188
           150            0.890            0.792      0.082       0.188

RF (seeds 0-2), mean over seeds:
                 cptac_macro_f1  met500_macro_f1  gap_cptac  gap_met500
feature    size                                                        
expression 10             0.600            0.578      0.192       0.254
           20             0.810            0.596      0.074       0.300
           50             0.888            0.679      0.045       0.267
           100            0.910            0.692      0.030       0.256
           150            0.892            0.719      0.058       0.238
           all            0.786            0.709      0.182       0.262
pairs      10             0.586            0.591      0.068       0.137
           20             0.795            0.730      0.070       0.153
           50             0.908            0.770      0.025       0.180
           100            0.928            0.767      0.023       0.196
           150            0.887            0.757      0.075       0.216

SVM (seeds 0-2), mean over seeds:
                 cptac_macro_f1  met500_macro_f1  gap_cptac  gap_met500
feature    size                                                        
expression 10             0.674            0.621      0.138       0.227
           20             0.799            0.676      0.094       0.234
           50             0.880            0.712      0.066       0.248
           100            0.889            0.739      0.076       0.237
           150            0.827            0.688      0.145       0.293
           all            0.695            0.606      0.291       0.385
pairs      10             0.622            0.630      0.066       0.136
           20             0.823            0.753      0.045       0.134
           50             0.894            0.769      0.054       0.193
           100            0.912            0.765      0.054       0.211
           150            0.884            0.769      0.090       0.214

LR_WEIGHTS (seeds 0-2), mean over seeds:
                 cptac_macro_f1  met500_macro_f1  gap_cptac  gap_met500
feature    size                                                        
expression 10             0.615            0.400      0.172       0.426
           20             0.699            0.560      0.220       0.376
           50             0.847            0.364      0.118       0.611
           100            0.880            0.526      0.098       0.459
           150            0.882            0.486      0.099       0.502
pairs      10             0.565            0.360      0.103       0.328
           20             0.747            0.549      0.149       0.368
           50             0.902            0.610      0.067       0.368
           100            0.942            0.717      0.041       0.272
           150            0.944            0.751      0.041       0.240

ORGAN LEVEL (LUAD + LUSC = LUNG; MET500 includes its LUNG samples):
                 organ_cptac_macro_f1  organ_gap_cptac  organ_met500_with_lung_macro_f1  organ_gap_met500_with_lung  met500_lung_sensitivity
feature    size                                                                                                                             
expression 10                   0.701            0.110                            0.615                       0.204                    0.433
           20                   0.838            0.058                            0.660                       0.244                    0.817
           50                   0.870            0.077                            0.679                       0.270                    0.825
           100                  0.883            0.079                            0.742                       0.223                    0.842
           150                  0.865            0.109                            0.732                       0.243                    0.850
           250                  0.881            0.101                            0.746                       0.236                    0.900
           500                  0.874            0.115                            0.757                       0.231                    0.875
           all                  0.827            0.166                            0.630                       0.362                    0.783
pairs      10                   0.648            0.071                            0.580                       0.166                    0.483
           20                   0.829            0.043                            0.681                       0.202                    0.750
           50                   0.897            0.057                            0.725                       0.232                    0.733
           100                  0.903            0.068                            0.749                       0.223                    0.800
           150                  0.894            0.083                            0.759                       0.220                    0.850

TCGA METASTATIC SAMPLES: sensitivity per class (mean over seeds):
feature   expression                                                   pairs                            
size              10    100    150     20    250     50    500    all     10    100    150     20     50
class n                                                                                                 
BRCA  7        0.857  0.857  0.857  0.857  0.857  0.857  0.857  0.771  0.714  0.857  0.857  0.857  0.857
CRC   1        1.000  1.000  1.000  1.000  1.000  1.000  1.000  1.000  1.000  1.000  1.000  1.000  1.000
HNSC  2        1.000  0.600  0.700  1.000  0.600  0.500  0.800  0.600  0.400  0.700  0.900  0.500  0.900
PAAD  1        1.000  1.000  1.000  1.000  1.000  1.000  1.000  1.000  1.000  1.000  1.000  1.000  1.000
PRAD  1        1.000  1.000  1.000  1.000  1.000  1.000  1.000  1.000  1.000  1.000  1.000  1.000  1.000
SKCM  368      0.817  0.916  0.929  0.867  0.940  0.902  0.934  0.948  0.786  0.937  0.949  0.878  0.926